2022/02/17,,,,,,,,,,,,,,,,,,,,,,,,
"* Estimé muchos de los valores de la columna de ""Referencia Histórica""",,,,,"En una solapa paralela hacer el listado de todas las tablas hechas hasta ahora",,,,,,,,,,,,,,,,,,,
"* Surgió de la charla con Joaquín Casillo, consultor del PNF.",,,,,,,,,,,,,,,,,,,,,,,,
,,,,Miércoles,,,,,,,,,,,,,,,,,,,,
,,,,,,,,,,,,,,,,,,,,,,,,
,,,"PROMEDIO SEMANAL AL",,,,,,,,,,,,,,,,,,,,,
,,"Registro Actual(m)",2022/02/10,2022/02/17,Diferencia(cm),"Referencia Histórica (*)","Promedio esperado para FEBRERO","Promedio esperado para MARZO","Promedio esperado para ABRIL",,,,,,,,,,,,,,,
,,,,,,,,,,,2022/02/17,,,,,,,,,,,,,
,"San Martín",-0.32,-0.13857142857142857,-0.17285714285714285,-0.034285714285714274,-4.162857142857143,-0.10030314492334132,0.11335832773297819,0.30572480027341603,,-32,-13.857142857142858,-17.285714285714285,-3.428571428571427,-10.030314492334131,11.335832773297819,30.5724800273416,399,-10.030314492334131,11.335832773297819,30.5724800273416,0,0,0
,Rosario,-0.18,-0.027142857142857146,-0.10428571428571429,-0.07714285714285714,-3.604285714285714,-0.04927345950565153,0.1660372851712925,0.3781472021232548,,-18,-2.7142857142857144,-10.428571428571429,-7.714285714285714,-4.927345950565154,16.603728517129248,37.81472021232548,350,-4.927345950565154,16.603728517129248,37.81472021232548,0,0,0
,Diamante,-0.06,0.08428571428571428,-0.06,-0.1442857142857143,-3.69,0.05267766596725634,0.19630908235697198,0.39654781392044813,,-6,8.428571428571429,-6,-14.428571428571429,5.267766596725634,19.6309082356972,39.65478139204481,363,5.267766596725634,19.6309082356972,39.65478139204481,0,0,0
,Victoria,0.58,0.6285714285714286,0.5885714285714285,-0.04,-3.1314285714285717,0.6263501776281918,0.72,0.8313776519434108,,58,62.857142857142854,58.857142857142854,-4,62.635017762819174,72,83.13776519434109,372,62.635017762819174,72,83.13776519434109,0,0,0
,"San Nicolás",-0.04,0.1,0.08285714285714287,-0.017142857142857137,-2.4171428571428573,0.027339042157675474,0.1094968743891085,0.169021192709962,,-4,10,8.285714285714286,-1.7142857142857135,2.7339042157675473,10.94968743891085,16.9021192709962,250,2.7339042157675473,10.94968743891085,16.9021192709962,0,0,0
,Ramallo,-0.14,0.05428571428571429,-0.0014285714285714286,-0.05571428571428572,-2.1914285714285713,-0.04444277119906474,0.0036940340573265655,0.03355644834584719,,-14,5.428571428571429,-0.14285714285714285,-5.571428571428572,-4.444277119906475,0.36940340573265656,3.355644834584719,219,-4.444277119906475,0.36940340573265656,3.355644834584719,0,0,0
,"San Pedro",0.22,0.31857142857142856,0.20428571428571426,-0.11428571428571431,-1.4957142857142858,0.1567234617093045,0.023462406785480675,-0.0021546232743256555,,22,31.857142857142858,20.428571428571427,-11.42857142857143,15.672346170930451,2.3462406785480674,-0.21546232743256558,170,15.672346170930451,2.3462406785480674,-0.21546232743256558,0,0,0
,Baradero,0.3,0.31142857142857144,0.28571428571428575,-0.025714285714285693,-1.1442857142857141,0.22320649647317062,0.10530232032074105,0.038077967195412024,,30,31.142857142857142,28.571428571428573,-2.5714285714285694,22.32064964731706,10.530232032074105,3.8077967195412024,143,22.32064964731706,10.530232032074105,3.8077967195412024,0,0,0
,Zárate,0.15,0.6642857142857143,0.2785714285714286,-0.3857142857142857,-0.6414285714285715,0.43947483125139614,0.4384886735061656,0.35939501707219146,,15,66.42857142857143,27.857142857142858,-38.57142857142857,43.94748312513961,43.84886735061656,35.939501707219144,92,43.94748312513961,43.84886735061656,35.939501707219144,0,0,0
,Paranacito,1.12,1,1.0285714285714287,0.028571428571428612,-0.4314285714285713,1.1078953720769862,1.1816634655151723,1.1524166860191913,,112,100,102.85714285714286,2.857142857142861,110.78953720769861,118.16634655151724,115.24166860191913,146,110.78953720769861,118.16634655151724,115.24166860191913,0,0,0
,Ibicuy,-0.1,-0.28571428571428575,-0.05714285714285714,0.22857142857142856,-0.8971428571428571,-0.24124879799623813,-0.3524637283700624,-0.4353148254078193,,-10,-28.571428571428573,-5.714285714285714,22.857142857142858,-24.124879799623812,-35.24637283700624,-43.53148254078193,84,-24.124879799623812,-35.24637283700624,-43.53148254078193,0,0,0
,"Puerto Ruiz",0.04,0.52,0.3985714285714285,-0.12142857142857146,-1.8851785714285714,0.4966836876022627,0.5315978993756316,0.5281017444732377,,4,52,39.857142857142854,-12.142857142857146,49.66836876022627,53.15978993756316,52.81017444732376,228.375,49.66836876022627,53.15978993756316,52.81017444732376,0,0,0
,,,,,,,,,,,,,,,,,,,,,,,,
,"(*): Diferencia entre el  último promedio semanal y el promedio de las alturas medias de esa semana en los últimos 25 años.",,,,,,,,,,,,,,,,,,,,,,,
,"SEMANA TERMINADA:",,7,,,,,,,,,,,,,,,,,,,,,
,,2019/03/13,,,2019/03/06,,,2019/02/27,,,2019/02/20,,,2019/02/13,,,2019/02/06,,
,,Marzo,Abril,Mayo,Marzo,Abril,Mayo,Marzo,Abril,Mayo,Marzo,Abril,Mayo,Marzo,Abril,Mayo,Marzo,Abril,Mayo
Diamante,,3.553933403620747,3.4015718497189082,3.574992686512065,3.47,3.53,3.74,3.53,3.55,,3.45,3.56,,3.55,3.56,,4.03,4.03,
Victoria,,4.37527782198411,3.6985796976655183,3.5255716774136356,4.17,3.5,3.69,4.04,3.48,,3.79,3.47,,3.79,3.5,,4.08,3.83,
"San Nicolás",,2.9428777832923845,2.598708373904577,2.5459514242490786,2.84,2.5,2.58,2.74,2.47,,2.5,2.48,,2.54,2.59,,3.05,2.93,
Ramallo,,2.679214188822338,2.3979940881902904,2.3459514242490784,2.58,2.35,2.38,2.52,2.27,,2.29,2.25,,2.34,2.39,,2.8,2.68,
"San Pedro",,2.149651976840772,1.7987083739045766,1.7459514242490781,2.05,1.75,1.78,2.04,1.69,,1.69,1.72,,1.74,1.79,,2.25,2.13,
Baradero,,2.005458428453675,1.5987083739045767,1.5459514242490784,1.9,1.6,1.58,1.84,1.49,,1.6,1.55,,1.54,1.59,,2.05,1.93,
Zárate,,1.1389284226810257,1.058573997488982,1.04,1.07,1.06,1.04,1.07,1.06,,1.07,1.06,,1.07,1.06,,1.07,1.06,
Paranacito,,1.9182532004225294,1.8114464691426722,1.7959514242490782,1.87,1.75,1.83,2.01,1.75,,1.8,1.8,,1.8,1.9,,2.03,1.95,
Ibicuy,,1.2102415207784807,1.024184564380767,1.0459514242490788,1.15,0.9,1,1.15,0.86,,0.9,0.9,,0.9,0.9,,1.27,1.2,
"Puerto Ruiz",,3.51,2.6997624933644424,2.475571677413634,3.55,2.6,2.64,3.15,2.46,,2.9,2.47,,2.76,2.45,,3.2,2.78,
